REGULAR EQUIVALENCE VIA WHITE/REITZ REGE ALGORITHM
--------------------------------------------------------------------------------

Input dataset:                          A_loops_061 (C:\Users\Ema\Documents\UCINET\matrices\A_loops_061)


REGE similarities (3 iterations)

          1   2   3   4   5   6   7   8   9  10  11  12  13  14  15  16  17  18  19  20  21  22  23  24  25  26  27  28  29  30  31  32  33  34  35  36  37
        --- --- --- --- --- --- --- --- --- --- --- --- --- --- --- --- --- --- --- --- --- --- --- --- --- --- --- --- --- --- --- --- --- --- --- --- ---
    1   100   4   1   0   1   0   0   0   0   0   0   0   0   0   0   0   0   0   0   0   0   0   0   0   0   0   0   0   0   0   0   0   0   0   0   0   0
    2     4 100   5   2   3   0   0   1   0   0   0   0   0   0   0   0   0   0   0   0   0   0   0   0   0   0   0   1   2   0   0   0   0   0   0   0   0
    3     1   5 100  52  49   5   0   8   3   0   0   3   1   0   0   0   0   0   0   0   0   0   0   0   1   1  10  75  68  43  14   6   0   0   0   0   0
    4     0   2  52 100  14   0   0   0   0   0   0   0   0   0   0   0   0   0   0   0   0   0   0   0   0   0   5  59  76  26   8   3   0   0   0   0   0
    5     1   3  49  14 100  24   0  35  14   0   0  11   3   1   0   0   1   0   0   0   0   1   0   0   3   4  25  31  24  45  28  14   0   0   0   0   0
    6     0   0   5   0  24 100   0  64  20   2   0  22   8   1   0   0   1   0   1   0   1   5   0   0   7  14  10   3   2   3   3   5   0   0   0   0   0
    7     0   0   0   0   0   0 100   0   0   1   0   0   0   0   0   0   0   0   1   0   0   0   0   0   0   0   0   0   0   0   0   0   0   0   0   0   0
    8     0   1   8   0  35  64   0 100  19   1   0  24   8   1   0   0   1   0   0   0   0   3   0   0   7  12  10   4   4   5   5   7   0   0   0   0   0
    9     0   0   3   0  14  20   0  19 100   7  12  64  48  14  15   6  32  19   2   1  21   8   6   8  49  37  27   4   3  10  28  44   9   2   2   6   1
   10     0   0   0   0   0   2   1   1   7 100  57  12  26  15  33  32  28  43  39  31  48  31  61  52  17  30   2   0   0   0   3   7  13  20  33  46  19
   11     0   0   0   0   0   0   0   0  12  57 100  18  31  10  35  25  26  65  30  27  40  22  51  40  23  41   4   0   0   1   5   7   9  20  24  65  14
   12     0   0   3   0  11  22   0  24  64  12  18 100  52  13  17   9  31  31   4   2  26  11   9  14  49  46  21   3   3   9  21  33   9   3   3  10   2
   13     0   0   1   0   3   8   0   8  48  26  31  52 100  19  28  13  54  48   7   9  40  17  19  29  64  57  12   2   1   5  14  26  11   4   7  17   2
   14     0   0   0   0   1   1   0   1  14  15  10  13  19 100  59  38  35  13   8  10  34  24  22  29  31  27  21   1   0  10  21  27  73  17  18   4   8
   15     0   0   0   0   0   0   0   0  15  33  35  17  28  59 100  63  39  36  15  17  50  39  43  38  33  39  13   0   0   5  17  19  64  33  25  24  16
   16     0   0   0   0   0   0   0   0   6  32  25   9  13  38  63 100  24  19  24  23  39  61  55  41  22  34   6   0   0   3   9  14  49  53  38  11  30
   17     0   0   0   0   1   1   0   1  32  28  26  31  54  35  39  24 100  34   9   8  59  16  22  39  71  36  18   0   0   7  23  40  29  10  12  14   7
   18     0   0   0   0   0   0   0   0  19  43  65  31  48  13  36  19  34 100  10  10  49  11  33  36  35  52   6   0   0   1   7  11   9   6  10  42   3
   19     0   0   0   0   0   1   1   0   2  39  30   4   7   8  15  24   9  10 100  47  16  29  42  25   6  16   1   0   0   0   1   3   8  35  41  12  44
   20     0   0   0   0   0   0   0   0   1  31  27   2   9  10  17  23   8  10  47 100  22  34  47  34   5  17   0   0   0   0   1   2   7  30  45   7  26
   21     0   0   0   0   0   1   0   0  21  48  40  26  40  34  50  39  59  49  16  22 100  28  40  56  41  46  12   0   0   3  12  23  28  15  23  24   8
   22     0   0   0   0   1   5   0   3   8  31  22  11  17  24  39  61  16  11  29  34  28 100  61  40  19  35   6   0   0   2   5   9  31  71  52   9  46
   23     0   0   0   0   0   0   0   0   6  61  51   9  19  22  43  55  22  33  42  47  40  61 100  55  16  37   2   0   0   1   5   8  25  46  56  37  38
   24     0   0   0   0   0   0   0   0   8  52  40  14  29  29  38  41  39  36  25  34  56  40  55 100  25  36   3   0   0   1   7  16  21  26  38  22  18
   25     0   0   1   0   3   7   0   7  49  17  23  49  64  31  33  22  71  35   6   5  41  19  16  25 100  50  28   2   2  12  32  51  23  10   7  13   5
   26     0   0   1   0   4  14   0  12  37  30  41  46  57  27  39  34  36  52  16  17  46  35  37  36  50 100  14   1   1   4  12  22  25  24  28  22  13
   27     0   0  10   5  25  10   0  10  27   2   4  21  12  21  13   6  18   6   1   0  12   6   2   3  28  14 100  12   9  44  76  51  15   3   1   2   1
   28     0   1  75  59  31   3   0   4   4   0   0   3   2   1   0   0   0   0   0   0   0   0   0   0   2   1  12 100  80  50  17   8   0   0   0   0   0
   29     0   2  68  76  24   2   0   4   3   0   0   3   1   0   0   0   0   0   0   0   0   0   0   0   2   1   9  80 100  38  13   6   0   0   0   0   0
   30     0   0  43  26  45   3   0   5  10   0   1   9   5  10   5   3   7   1   0   0   3   2   1   1  12   4  44  50  38 100  52  29   7   1   0   0   0
   31     0   0  14   8  28   3   0   5  28   3   5  21  14  21  17   9  23   7   1   1  12   5   5   7  32  12  76  17  13  52 100  62  15   4   3   2   2
   32     0   0   6   3  14   5   0   7  44   7   7  33  26  27  19  14  40  11   3   2  23   9   8  16  51  22  51   8   6  29  62 100  17   6   5   3   3
   33     0   0   0   0   0   0   0   0   9  13   9   9  11  73  64  49  29   9   8   7  28  31  25  21  23  25  15   0   0   7  15  17 100  27  23   5  14
   34     0   0   0   0   0   0   0   0   2  20  20   3   4  17  33  53  10   6  35  30  15  71  46  26  10  24   3   0   0   1   4   6  27 100  52   9  53
   35     0   0   0   0   0   0   0   0   2  33  24   3   7  18  25  38  12  10  41  45  23  52  56  38   7  28   1   0   0   0   3   5  23  52 100  10  56
   36     0   0   0   0   0   0   0   0   6  46  65  10  17   4  24  11  14  42  12   7  24   9  37  22  13  22   2   0   0   0   2   3   5   9  10 100   7
   37     0   0   0   0   0   0   0   0   1  19  14   2   2   8  16  30   7   3  44  26   8  46  38  18   5  13   1   0   0   0   2   3  14  53  56   7 100


HIERARCHICAL CLUSTERING OF EQUIVALENCE MATRIX

                       2 2   3 2 3 3   1 1 1 2 1 2 1 2 2 2 1 3 1 1 1 3 1 2 2 3 3 3
 Level   7 1 2 6 8 4 3 9 8 5 0 7 1 2 9 2 3 7 5 8 6 0 3 1 4 1 6 5 6 4 3 9 0 2 4 5 7
------   - - - - - - - - - - - - - - - - - - - - - - - - - - - - - - - - - - - - -
79.690   . . . . . . . XXX . . . . . . . . . . . . . . . . . . . . . . . . . . . .
75.677   . . . . . . . XXX . . XXX . . . . . . . . . . . . . . . . . . . . . . . .
73.341   . . . . . . . XXX . . XXX . . . . . . . . . . . . . . . . XXX . . . . . .
70.997   . . . . . . . XXX . . XXX . . . . . . . . . . . . . . . . XXX . . XXX . .
70.729   . . . . . . XXXXX . . XXX . . . . . . . . . . . . . . . . XXX . . XXX . .
70.626   . . . . . . XXXXX . . XXX . . . . XXX . . . . . . . . . . XXX . . XXX . .
65.763   . . . . . XXXXXXX . . XXX . . . . XXX . . . . . . . . . . XXX . . XXX . .
65.330   . . . . . XXXXXXX . . XXX . . . . XXX . . . . . . XXX . . XXX . . XXX . .
64.253   . . . XXX XXXXXXX . . XXX . . . . XXX . . . . . . XXX . . XXX . . XXX . .
63.904   . . . XXX XXXXXXX . . XXX . XXX . XXX . . . . . . XXX . . XXX . . XXX . .
63.106   . . . XXX XXXXXXX . . XXX . XXX . XXX . . . . . . XXX XXX XXX . . XXX . .
61.218   . . . XXX XXXXXXX . . XXX . XXX . XXX . . XXX . . XXX XXX XXX . . XXX . .
60.611   . . . XXX XXXXXXX . . XXX . XXX XXXXX . . XXX . . XXX XXX XXX . . XXX . .
58.141   . . . XXX XXXXXXX . . XXXXX XXX XXXXX . . XXX . . XXX XXX XXX . . XXX . .
56.215   . . . XXX XXXXXXX . . XXXXX XXX XXXXX . . XXX XXX XXX XXX XXX . . XXX . .
55.846   . . . XXX XXXXXXX . . XXXXX XXX XXXXX . . XXX XXX XXX XXX XXX . . XXX XXX
51.536   . . . XXX XXXXXXX . . XXXXX XXX XXXXX XXX XXX XXX XXX XXX XXX . . XXX XXX
51.231   . . . XXX XXXXXXX . . XXXXX XXX XXXXX XXX XXX XXX XXX XXX XXX . . XXXXXXX
51.096   . . . XXX XXXXXXX . . XXXXX XXX XXXXX XXX XXX XXX XXX XXXXXXX . . XXXXXXX
50.210   . . . XXX XXXXXXX . . XXXXX XXX XXXXX XXX XXXXXXX XXX XXXXXXX . . XXXXXXX
47.006   . . . XXX XXXXXXX . . XXXXX XXX XXXXX XXX XXXXXXX XXX XXXXXXX XXX XXXXXXX
45.057   . . . XXX XXXXXXX XXX XXXXX XXX XXXXX XXX XXXXXXX XXX XXXXXXX XXX XXXXXXX
44.978   . . . XXX XXXXXXX XXX XXXXX XXXXXXXXX XXX XXXXXXX XXX XXXXXXX XXX XXXXXXX
42.669   . . . XXX XXXXXXX XXX XXXXX XXXXXXXXXXXXX XXXXXXX XXX XXXXXXX XXX XXXXXXX
35.457   . . . XXX XXXXXXXXXXX XXXXX XXXXXXXXXXXXX XXXXXXX XXX XXXXXXX XXX XXXXXXX
34.396   . . . XXX XXXXXXXXXXX XXXXX XXXXXXXXXXXXX XXXXXXX XXX XXXXXXX XXXXXXXXXXX
33.839   . . . XXX XXXXXXXXXXX XXXXX XXXXXXXXXXXXX XXXXXXXXXXX XXXXXXX XXXXXXXXXXX
29.532   . . . XXX XXXXXXXXXXX XXXXX XXXXXXXXXXXXXXXXXXXXXXXXX XXXXXXX XXXXXXXXXXX
21.988   . . . XXX XXXXXXXXXXXXXXXXX XXXXXXXXXXXXXXXXXXXXXXXXX XXXXXXX XXXXXXXXXXX
21.231   . . . XXX XXXXXXXXXXXXXXXXX XXXXXXXXXXXXXXXXXXXXXXXXX XXXXXXXXXXXXXXXXXXX
17.511   . . . XXX XXXXXXXXXXXXXXXXX XXXXXXXXXXXXXXXXXXXXXXXXXXXXXXXXXXXXXXXXXXXXX
 7.577   . . . XXXXXXXXXXXXXXXXXXXXX XXXXXXXXXXXXXXXXXXXXXXXXXXXXXXXXXXXXXXXXXXXXX
 5.261   . . . XXXXXXXXXXXXXXXXXXXXXXXXXXXXXXXXXXXXXXXXXXXXXXXXXXXXXXXXXXXXXXXXXXX
 3.728   . XXX XXXXXXXXXXXXXXXXXXXXXXXXXXXXXXXXXXXXXXXXXXXXXXXXXXXXXXXXXXXXXXXXXXX
 0.122   . XXXXXXXXXXXXXXXXXXXXXXXXXXXXXXXXXXXXXXXXXXXXXXXXXXXXXXXXXXXXXXXXXXXXXXX
 0.107   XXXXXXXXXXXXXXXXXXXXXXXXXXXXXXXXXXXXXXXXXXXXXXXXXXXXXXXXXXXXXXXXXXXXXXXXX


Partition-by-actor matrix saved as dataset RegePart3
Equivalence matrix saved as dataset Rege3.

----------------------------------------
Running time:  00:00:01
Output generated:  08 mar 21 14:04:16
UCINET 6.717 Copyright (c) 2002-19 Analytic Technologies

