1000,1000,1000,1000,1000,1000,1000,999,1000,1000,1000,1000,912,771,638,928,739,688,755,826,624,555,583,692,717,1000,1000,1000,1000,1000,920,818,774,838,727,724,704,855,820,844,848,250,270,276,270,264,276,294,396,360,240,315,348,281,735,0,933,987,0,926,921,922,926
1000,1000,1000,1000,1000,1000,1000,999,1000,1000,1000,1000,893,738,585,908,700,624,718,774,571,487,523,631,665,1000,1000,1000,1000,1000,903,778,735,800,684,676,657,825,787,808,815,185,202,207,202,197,207,223,312,274,177,241,271,212,723,0,941,990,0,933,927,928,933
1000,1000,1000,1000,1000,1000,1000,999,1000,1000,1000,1000,925,796,679,941,769,736,784,860,666,607,629,737,758,1000,1000,1000,1000,1000,934,846,804,865,760,760,740,877,844,868,872,322,345,352,345,339,352,372,465,430,311,395,431,358,791,0,904,989,0,895,889,891,895
1000,1000,1000,1000,1000,1000,1000,1000,1000,1000,1000,1000,927,800,685,942,773,743,788,865,672,615,636,743,763,1000,1000,1000,1000,1000,936,850,808,868,764,766,745,880,847,872,875,335,359,365,359,352,365,386,475,440,324,410,446,372,804,0,891,990,0,882,876,877,882
1000,1000,1000,1000,1000,1000,1000,1000,1000,1000,1000,1000,923,792,673,939,765,730,780,856,660,600,622,731,752,1000,1000,1000,1000,1000,932,842,800,861,755,755,735,874,841,865,868,322,346,352,346,339,352,373,455,420,311,397,434,359,812,0,883,990,0,874,866,868,874
1000,1000,1000,1000,1000,1000,1000,1000,1000,1000,1000,1000,927,800,685,942,773,743,788,865,672,615,636,743,763,1000,1000,1000,1000,1000,936,850,808,868,764,766,745,880,847,872,875,335,359,365,359,352,365,386,475,440,324,410,446,372,804,0,891,990,0,882,876,877,882
1000,1000,1000,1000,1000,1000,1000,1000,1000,1000,1000,1000,923,792,673,939,765,730,780,856,660,600,622,731,752,1000,1000,1000,1000,1000,932,842,800,861,755,755,734,874,841,865,868,321,345,352,345,339,352,373,455,420,311,396,433,358,810,0,883,990,0,874,867,869,874
999,999,999,1000,1000,1000,1000,1000,1000,1000,1000,999,908,766,630,926,733,683,750,820,617,545,574,686,711,999,999,999,999,1000,918,812,769,833,721,718,698,853,816,838,843,275,298,304,298,292,304,325,387,350,265,349,387,311,842,0,858,986,0,850,842,844,850
1000,1000,1000,1000,1000,1000,1000,1000,1000,1000,1000,1000,912,771,638,928,739,692,755,828,625,555,583,694,719,1000,1000,1000,1000,1000,921,818,775,839,727,725,704,857,820,844,848,280,303,309,303,297,309,330,399,362,270,353,391,316,825,0,871,991,0,864,854,856,864
1000,1000,1000,1000,1000,1000,1000,1000,1000,1000,1000,1000,923,792,673,939,765,730,780,856,660,600,622,731,752,1000,1000,1000,1000,1000,932,842,800,861,755,755,735,874,841,865,868,322,346,352,346,339,352,373,455,420,311,397,434,359,812,0,883,990,0,874,866,868,874
1000,1000,1000,1000,1000,1000,1000,1000,1000,1000,1000,1000,919,784,660,935,755,715,771,846,647,583,607,717,739,1000,1000,1000,1000,1000,928,833,790,853,744,744,723,867,833,857,861,297,320,326,320,314,326,347,434,398,287,370,406,333,792,0,894,990,0,888,881,883,888
1000,1000,1000,1000,1000,1000,1000,999,1000,1000,1000,1000,923,792,673,939,764,729,780,855,660,600,622,730,752,1000,1000,1000,1000,1000,932,842,800,861,755,755,734,873,840,865,868,311,334,341,334,328,341,361,454,419,301,384,420,347,785,0,893,989,0,885,878,880,885
912,893,925,927,923,927,923,908,912,923,919,923,1000,1000,978,999,979,994,979,996,938,954,957,998,998,893,906,921,921,912,998,1000,975,999,955,973,954,998,998,991,991,946,940,941,940,941,934,938,983,985,946,940,933,935,873,428,772,852,0,757,743,745,757
771,738,796,800,792,800,792,766,771,792,784,792,1000,1000,984,999,984,995,983,996,952,966,967,999,997,738,761,788,788,771,996,1000,982,1000,966,981,966,999,1000,995,995,952,948,948,948,949,947,946,991,992,953,945,940,946,904,489,605,678,0,590,577,578,590
638,585,679,685,673,685,673,630,638,673,660,673,978,984,1000,976,1000,978,999,971,1000,1000,1000,980,978,585,621,666,666,638,972,978,1000,978,1000,1000,1000,980,981,947,948,970,968,967,968,968,967,966,982,983,971,964,961,967,884,633,423,491,0,407,390,391,407
928,908,941,942,939,942,939,926,928,939,935,939,999,999,976,1000,976,996,976,997,930,948,951,1000,998,908,922,937,937,928,997,1000,971,999,948,969,947,1000,999,988,988,966,961,961,960,961,954,960,982,986,964,964,959,956,909,500,744,856,0,727,708,710,727
739,700,769,773,765,773,765,733,739,765,755,764,979,984,1000,976,1000,976,1000,970,1000,1000,1000,980,977,700,727,760,760,739,972,979,1000,977,1000,1000,1000,980,981,964,964,960,957,956,957,958,956,954,981,981,961,952,948,956,884,535,552,630,0,535,520,521,535
688,624,736,743,730,743,730,683,692,730,715,729,994,995,978,996,976,1000,976,998,939,956,959,997,999,622,668,722,723,693,995,993,975,993,955,976,955,995,996,957,958,994,993,993,994,994,993,993,999,999,994,992,992,993,925,713,397,480,0,372,348,349,372
755,718,784,788,780,788,780,750,755,780,771,780,979,983,999,976,1000,976,1000,969,1000,999,999,979,977,718,744,775,775,755,972,978,999,977,999,999,999,979,980,970,970,957,955,954,954,955,953,952,979,980,958,950,946,953,890,525,569,649,0,552,537,538,552
826,774,860,865,856,865,856,820,828,856,846,855,996,996,971,997,970,998,969,1000,922,942,946,997,1000,771,811,852,852,829,998,995,966,996,942,966,942,996,996,984,987,988,985,986,985,986,985,985,991,993,987,987,985,984,958,756,537,615,0,504,461,462,504
624,571,666,672,660,672,660,617,625,660,647,660,938,952,1000,930,1000,939,1000,922,1000,1000,1000,942,940,571,608,653,653,625,927,937,1000,935,1000,1000,1000,940,945,907,909,949,946,945,946,946,945,942,952,953,950,939,935,944,830,638,414,480,0,396,378,379,396
555,487,607,615,600,615,600,545,555,600,583,600,954,966,1000,948,1000,956,999,942,1000,1000,1000,958,957,487,534,591,591,555,944,953,1000,952,1000,1000,1000,957,960,898,900,964,962,961,962,963,961,960,966,967,965,957,954,961,823,730,316,367,0,298,277,277,298
583,523,629,636,622,636,622,574,583,622,607,622,957,967,1000,951,1000,959,999,946,1000,1000,1000,961,959,523,564,615,615,583,948,956,1000,955,1000,1000,1000,959,962,905,906,964,962,961,962,962,961,959,968,969,965,957,954,960,836,682,359,421,0,342,324,325,342
692,631,737,743,731,743,731,686,694,731,717,730,998,999,980,1000,980,997,979,997,942,958,961,1000,998,632,673,723,723,694,996,999,977,999,958,976,958,1000,1000,976,975,977,974,974,974,975,973,973,993,994,977,973,970,973,913,666,448,513,0,426,400,401,426
717,665,758,763,752,763,752,711,719,752,739,752,998,997,978,998,977,999,977,1000,940,957,959,998,1000,663,702,747,747,720,999,997,976,998,957,976,957,997,998,973,975,987,985,986,985,986,985,985,995,996,987,986,984,985,941,641,469,556,0,449,426,427,449
1000,1000,1000,1000,1000,1000,1000,999,1000,1000,1000,1000,893,738,585,908,700,622,718,771,571,487,523,632,663,1000,1000,1000,1000,1000,900,778,735,800,684,676,658,826,787,808,815,182,199,204,199,194,204,219,310,273,174,237,267,208,712,0,921,986,0,920,912,913,920
1000,1000,1000,1000,1000,1000,1000,999,1000,1000,1000,1000,906,761,621,922,727,668,744,811,608,534,564,673,702,1000,1000,1000,1000,1000,916,806,762,827,713,710,690,845,810,833,839,221,240,245,240,235,245,262,369,332,213,282,313,251,705,0,927,987,0,924,918,919,924
1000,1000,1000,1000,1000,1000,1000,999,1000,1000,1000,1000,921,788,666,937,760,722,775,852,653,591,615,723,747,1000,1000,1000,1000,1000,932,838,795,857,749,749,729,869,836,861,865,304,327,333,327,321,333,353,444,408,293,376,412,340,787,0,890,991,0,883,876,877,883
1000,1000,1000,1000,1000,1000,1000,999,1000,1000,1000,1000,921,788,666,937,760,723,775,852,653,591,615,723,747,1000,1000,1000,1000,1000,932,838,795,857,750,750,729,870,837,861,865,309,333,339,333,326,339,360,445,409,299,383,420,346,801,0,880,991,0,873,865,867,873
1000,1000,1000,1000,1000,1000,1000,1000,1000,1000,1000,1000,912,771,638,928,739,693,755,829,625,555,583,694,720,1000,1000,1000,1000,1000,923,818,775,839,727,725,704,856,820,844,848,282,305,311,305,299,311,332,400,363,271,355,393,318,829,0,872,993,0,863,853,855,863
920,903,934,936,932,936,932,918,921,932,928,932,998,996,972,997,972,995,972,998,927,944,948,996,999,900,916,932,932,923,1000,996,968,997,945,967,944,995,996,983,985,961,956,957,955,956,950,955,982,985,960,958,952,951,889,518,761,853,0,747,725,726,747
818,778,846,850,842,850,842,812,818,842,833,842,1000,1000,978,1000,979,993,978,995,937,953,956,999,997,778,806,838,838,818,996,1000,974,1000,954,973,953,999,999,990,991,946,940,940,939,940,934,937,982,985,945,939,932,934,865,521,629,689,0,610,589,590,610
774,735,804,808,800,808,800,769,775,800,790,800,975,982,1000,971,1000,975,999,966,1000,1000,1000,977,976,735,762,795,795,775,968,974,1000,974,1000,1000,1000,977,979,946,948,967,965,964,965,965,964,962,980,981,968,960,956,963,865,562,564,658,0,547,530,532,547
838,800,865,868,861,868,861,833,839,861,853,861,999,1000,978,999,977,993,977,996,935,952,955,999,998,800,827,857,857,839,997,1000,974,1000,953,972,952,999,999,986,986,956,951,951,951,952,950,948,987,989,957,948,941,949,863,610,641,714,0,621,598,599,621
727,684,760,764,755,764,755,721,727,755,744,755,955,966,1000,948,1000,955,999,942,1000,1000,1000,958,957,684,713,749,750,727,945,954,1000,953,1000,1000,1000,957,961,922,924,954,951,950,951,952,950,947,965,966,955,945,940,949,830,577,525,607,0,508,491,492,508
724,676,760,766,755,766,755,718,725,755,744,755,973,981,1000,969,1000,976,999,966,1000,1000,1000,976,976,676,710,749,750,725,967,973,1000,972,1000,1000,1000,976,978,937,938,974,972,971,972,972,971,970,981,982,975,968,965,971,867,610,498,585,0,479,460,462,479
704,657,740,745,735,745,734,698,704,735,723,734,954,966,1000,947,1000,955,999,942,1000,1000,1000,958,957,658,690,729,729,704,944,953,1000,952,1000,1000,1000,957,960,914,916,959,957,956,957,957,956,954,965,967,961,951,947,955,830,603,494,574,0,476,459,460,476
855,825,877,880,874,880,874,853,857,874,867,873,998,999,980,1000,980,995,979,996,940,957,959,1000,997,826,845,869,870,856,995,999,977,999,957,976,957,1000,1000,981,980,959,955,955,955,956,954,952,990,992,960,952,947,953,880,533,663,762,0,646,630,631,646
820,787,844,847,841,847,841,816,820,841,833,840,998,1000,981,999,981,996,980,996,945,960,962,1000,998,787,810,836,837,820,996,999,979,999,961,978,960,1000,1000,973,973,960,956,956,956,957,955,954,991,992,961,954,949,955,876,534,627,721,0,610,595,596,610
844,808,868,872,865,872,865,838,844,865,857,865,991,995,947,988,964,957,970,984,907,898,905,976,973,808,833,861,861,844,983,990,946,986,922,937,914,981,973,1000,1000,807,788,788,777,779,746,793,872,885,789,821,809,760,805,154,703,722,0,687,669,669,687
848,815,872,875,868,875,868,843,848,868,861,868,991,995,948,988,964,958,970,987,909,900,906,975,975,815,839,865,865,848,985,991,948,986,924,938,916,980,973,1000,1000,808,790,790,779,781,749,795,874,887,790,822,811,762,808,149,706,739,0,693,676,677,693
250,185,322,335,322,335,321,275,280,322,297,311,946,952,970,966,960,994,957,988,949,964,964,977,987,182,221,304,309,282,961,946,967,956,954,974,959,959,960,807,808,1000,1000,1000,1000,1000,1000,1000,999,999,1000,1000,1000,1000,826,905,20,58,0,16,11,10,16
270,202,345,359,346,359,345,298,303,346,320,334,940,948,968,961,957,993,955,985,946,962,962,974,985,199,240,327,333,305,956,940,965,951,951,972,957,955,956,788,790,1000,1000,1000,1000,1000,1000,1000,999,999,1000,1000,1000,1000,803,914,23,64,0,17,12,12,17
276,207,352,365,352,365,352,304,309,352,326,341,941,948,967,961,956,993,954,986,945,961,961,974,986,204,245,333,339,311,957,940,964,951,950,971,956,955,956,788,790,1000,1000,1000,1000,1000,1000,1000,999,999,1000,1000,1000,1000,804,920,23,66,0,18,12,12,18
270,202,345,359,346,359,345,298,303,346,320,334,940,948,968,960,957,994,954,985,946,962,962,974,985,199,240,327,333,305,955,939,965,951,951,972,957,955,956,777,779,1000,1000,1000,1000,1000,1000,1000,999,999,1000,1000,1000,1000,787,921,23,64,0,17,12,12,17
264,197,339,352,339,352,339,292,297,339,314,328,941,949,968,961,958,994,955,986,946,963,962,975,986,194,235,321,326,299,956,940,965,952,952,972,957,956,957,779,781,1000,1000,1000,1000,1000,1000,1000,999,999,1000,1000,1000,1000,790,923,22,63,0,17,12,11,17
276,207,352,365,352,365,352,304,309,352,326,341,934,947,967,954,956,993,953,985,945,961,961,973,985,204,245,333,339,311,950,934,964,950,950,971,956,954,955,746,749,1000,1000,1000,1000,1000,1000,1000,999,999,1000,1000,1000,1000,745,924,23,66,0,18,12,12,18
294,223,372,386,373,386,373,325,330,373,347,361,938,946,966,960,954,993,952,985,942,960,959,973,985,219,262,353,360,332,955,937,962,948,947,970,954,952,954,793,795,1000,1000,1000,1000,1000,1000,1000,999,999,1000,1000,1000,1000,813,913,25,72,0,20,14,13,20
396,312,465,475,455,475,455,387,399,455,434,454,983,991,982,982,981,999,979,991,952,966,968,993,995,310,369,444,445,400,982,982,980,987,965,981,965,990,991,872,874,999,999,999,999,999,999,999,1000,1000,999,998,998,999,826,873,119,161,0,99,78,78,99
360,274,430,440,420,440,420,350,362,420,398,419,985,992,983,986,981,999,980,993,953,967,969,994,996,273,332,408,409,363,985,985,981,989,966,982,967,992,992,885,887,999,999,999,999,999,999,999,1000,1000,999,999,999,999,848,879,89,124,0,71,50,50,71
240,177,311,324,311,324,311,265,270,311,287,301,946,953,971,964,961,994,958,987,950,965,965,977,987,174,213,293,299,271,960,945,968,957,955,975,961,960,961,789,790,1000,1000,1000,1000,1000,1000,1000,999,999,1000,1000,1000,1000,801,911,19,55,0,15,10,10,15
315,241,395,410,397,410,396,349,353,397,370,384,940,945,964,964,952,992,950,987,939,957,957,973,986,237,282,376,383,355,958,939,960,948,945,968,951,952,954,821,822,1000,1000,1000,1000,1000,1000,1000,998,999,1000,1000,1000,1000,856,889,28,80,0,22,15,15,22
348,271,431,446,434,446,433,387,391,434,406,420,933,940,961,959,948,992,946,985,935,954,954,970,984,267,313,412,420,393,952,932,956,941,940,965,947,947,949,809,811,1000,1000,1000,1000,1000,1000,1000,998,999,1000,1000,1000,1000,844,906,32,93,0,25,18,17,25
281,212,358,372,359,372,358,311,316,359,333,347,935,946,967,956,956,993,953,984,944,961,960,973,985,208,251,340,346,318,951,934,963,949,949,971,955,953,955,760,762,1000,1000,1000,1000,1000,1000,1000,999,999,1000,1000,1000,1000,764,919,24,68,0,19,13,12,19
735,723,791,804,812,804,810,842,825,812,792,785,873,904,884,909,884,925,890,958,830,823,836,913,941,712,705,787,801,829,889,865,865,863,830,867,830,880,876,805,808,826,803,804,787,790,745,813,826,848,801,856,844,764,1000,161,162,464,0,153,137,133,153
0,0,0,0,0,0,0,0,0,0,0,0,428,489,633,500,535,713,525,756,638,730,682,666,641,0,0,0,0,0,518,521,562,610,577,610,603,533,534,154,149,905,914,920,921,923,924,913,873,879,911,889,906,919,161,1000,0,0,0,0,0,0,0
933,941,904,891,883,891,883,858,871,883,894,893,772,605,423,744,552,397,569,537,414,316,359,448,469,921,927,890,880,872,761,629,564,641,525,498,494,663,627,703,706,20,23,23,23,22,23,25,119,89,19,28,32,24,162,0,1000,931,0,963,953,954,963
987,990,989,990,990,990,990,986,991,990,990,989,852,678,491,856,630,480,649,615,480,367,421,513,556,986,987,991,991,993,853,689,658,714,607,585,574,762,721,722,739,58,64,66,64,63,66,72,161,124,55,80,93,68,464,0,931,1000,0,954,941,942,954
0,0,0,0,0,0,0,0,0,0,0,0,0,0,0,0,0,0,0,0,0,0,0,0,0,0,0,0,0,0,0,0,0,0,0,0,0,0,0,0,0,0,0,0,0,0,0,0,0,0,0,0,0,0,0,0,0,0,1000,0,0,0,0
926,933,895,882,874,882,874,850,864,874,888,885,757,590,407,727,535,372,552,504,396,298,342,426,449,920,924,883,873,863,747,610,547,621,508,479,476,646,610,687,693,16,17,18,17,17,18,20,99,71,15,22,25,19,153,0,963,954,0,1000,1000,1000,1000
921,927,889,876,866,876,867,842,854,866,881,878,743,577,390,708,520,348,537,461,378,277,324,400,426,912,918,876,865,853,725,589,530,598,491,460,459,630,595,669,676,11,12,12,12,12,12,14,78,50,10,15,18,13,137,0,953,941,0,1000,1000,1000,1000
922,928,891,877,868,877,869,844,856,868,883,880,745,578,391,710,521,349,538,462,379,277,325,401,427,913,919,877,867,855,726,590,532,599,492,462,460,631,596,669,677,10,12,12,12,11,12,13,78,50,10,15,17,12,133,0,954,942,0,1000,1000,1000,1000
926,933,895,882,874,882,874,850,864,874,888,885,757,590,407,727,535,372,552,504,396,298,342,426,449,920,924,883,873,863,747,610,547,621,508,479,476,646,610,687,693,16,17,18,17,17,18,20,99,71,15,22,25,19,153,0,963,954,0,1000,1000,1000,1000
