REGULAR EQUIVALENCE VIA WHITE/REITZ REGE ALGORITHM
--------------------------------------------------------------------------------

Input dataset:                          A_loops_083 (C:\Users\Ema\Documents\UCINET\matrices\A_loops_083)


REGE similarities (3 iterations)

          1   2   3   4   5   6   7   8   9  10  11  12  13  14  15  16  17  18  19  20  21  22  23  24  25  26  27  28  29  30  31  32  33
        --- --- --- --- --- --- --- --- --- --- --- --- --- --- --- --- --- --- --- --- --- --- --- --- --- --- --- --- --- --- --- --- ---
    1   100  40   5   4  63   5  16  22  12   1  56  19   4  27  15  27   5   2   3   3   1  31  13  26  19   1   9  14   1  13   0   0   0
    2    40 100  19  15  23  16  45  54  37   2  31  43  12  23   4  43  11   0   2   1   0  32   3  13  12   0  17   8   0  15   0   0   0
    3     5  19 100  70   2  66  34  26  25  21   4  12  39   3   1   6   9   0   0   0   0   5   0   3   2   0  12   1   0   3   0   0   0
    4     4  15  70 100   2  72  27  20  19  28   3  10  42   2   0   5   8   0   0   0   0   4   0   2   1   0  10   1   0   2   0   0   0
    5    63  23   2   2 100   2   9  11   7   0  41  10   2  21  28  15   2   1   2   2   0  28  14  19  20   2   4  11   1   6   0   0   0
    6     5  16  66  72   2 100  28  20  17  21   3  13  43   3   0   7   6   0   0   0   0   4   0   3   2   0  11   1   0   2   0   0   0
    7    16  45  34  27   9  28 100  52  53   7  14  47  42  12   2  23  34   0   3   1   0  18   1  11   9   0  33   7   0  16   0   0   0
    8    22  54  26  20  11  20  52 100  52   5  19  51  27  17   3  34  32   1   7   3   1  23   3  12  10   0  29   9   0  21   0   0   0
    9    12  37  25  19   7  17  53  52 100   6  13  37  25  12   3  36  47   1  13   5   1  17   3  12  14   0  38  15   0  38   0   0   0
   10     1   2  21  28   0  21   7   5   6 100   1   4  25   1   0   2   5   0   0   0   0   1   0   1   1   0   5   0   0   1   0   0   0
   11    56  31   4   3  41   3  14  19  13   1 100  25   5  59  24  31  10   6   9   9   4  43  15  38  48   4  13  47   1  28   0   0   1
   12    19  43  12  10  10  13  47  51  37   4  25 100  26  30   4  41  46   1   9   4   1  38   2  28  19   1  49  20   0  40   0   0   0
   13     4  12  39  42   2  43  42  27  25  25   5  26 100   7   1  13  31   0   2   1   0   9   1   8   4   0  27   5   0  11   0   0   0
   14    27  23   3   2  21   3  12  17  12   1  59  30   7 100  23  35  16   3  17  13   3  64  10  61  73   4  21  56   1  39   0   0   1
   15    15   4   1   0  28   0   2   3   3   0  24   4   1  23 100   9   3  39  16  39  34  18  58  18  28  25   4  28  12  11   0   0   4
   16    27  43   6   5  15   7  23  34  36   2  31  41  13  35   9 100  25   4  36  18   3  42   9  30  38   2  27  43   1  61   0   0   0
   17     5  11   9   8   2   6  34  32  47   5  10  46  31  16   3  25 100   1  14   6   1  18   2  18  11   1  69  19   0  39   0   0   0
   18     2   0   0   0   1   0   0   1   1   0   6   1   0   3  39   4   1 100  12  29  80   1  62   3   6  29   1  11  19   4   1   1  12
   19     3   2   0   0   2   0   3   7  13   0   9   9   2  17  16  36  14  12 100  54  10   8  23  13  31   4  19  46   2  31   0   0   1
   20     3   1   0   0   2   0   1   3   5   0   9   4   1  13  39  18   6  29  54 100  25   7  52  14  25  11   8  30   4  18   0   0   1
   21     1   0   0   0   0   0   0   1   1   0   4   1   0   3  34   3   1  80  10  25 100   1  54   3   5  34   1   8  23   4   2   0   5
   22    31  32   5   4  28   4  18  23  17   1  43  38   9  64  18  42  18   1   8   7   1 100   6  71  51   2  23  35   1  36   0   0   0
   23    13   3   0   0  14   0   1   3   3   0  15   2   1  10  58   9   2  62  23  52  54   6 100   8  13  23   3  21  10   9   1   0   3
   24    26  13   3   2  19   3  11  12  12   1  38  28   8  61  18  30  18   3  13  14   3  71   8 100  60   3  23  40   1  38   0   0   1
   25    19  12   2   1  20   2   9  10  14   1  48  19   4  73  28  38  11   6  31  25   5  51  13  60 100   6  15  60   2  35   0   0   0
   26     1   0   0   0   2   0   0   0   0   0   4   1   0   4  25   2   1  29   4  11  34   2  23   3   6 100   1   6  33   2   5   4  44
   27     9  17  12  10   4  11  33  29  38   5  13  49  27  21   4  27  69   1  19   8   1  23   3  23  15   1 100  23   0  41   0   0   1
   28    14   8   1   1  11   1   7   9  15   0  47  20   5  56  28  43  19  11  46  30   8  35  21  40  60   6  23 100   3  52   0   0   3
   29     1   0   0   0   1   0   0   0   0   0   1   0   0   1  12   1   0  19   2   4  23   1  10   1   2  33   0   3 100   1  10   3  16
   30    13  15   3   2   6   2  16  21  38   1  28  40  11  39  11  61  39   4  31  18   4  36   9  38  35   2  41  52   1 100   0   0   1
   31     0   0   0   0   0   0   0   0   0   0   0   0   0   0   0   0   0   1   0   0   2   0   1   0   0   5   0   0  10   0 100   5   6
   32     0   0   0   0   0   0   0   0   0   0   0   0   0   0   0   0   0   1   0   0   0   0   0   0   0   4   0   0   3   0   5 100   6
   33     0   0   0   0   0   0   0   0   0   0   1   0   0   1   4   0   0  12   1   1   5   0   3   1   0  44   1   3  16   1   6   6 100


HIERARCHICAL CLUSTERING OF EQUIVALENCE MATRIX

         3 3 1       1             1 1 2 2 2 1 1 2 2 1 3 1 2 2 1 1 2 2 2 3
 Level   1 2 0 3 4 6 3 1 5 7 9 2 8 2 7 7 2 4 1 4 5 8 6 0 9 0 1 8 5 3 9 6 3
------   - - - - - - - - - - - - - - - - - - - - - - - - - - - - - - - - -
80.087   . . . . . . . . . . . . . . . . . . . . . . . . . . XXX . . . . .
72.578   . . . . . . . . . . . . . . . . . . . XXX . . . . . XXX . . . . .
72.372   . . . . XXX . . . . . . . . . . . . . XXX . . . . . XXX . . . . .
71.415   . . . . XXX . . . . . . . . . . XXX . XXX . . . . . XXX . . . . .
68.864   . . . . XXX . . . . . . . . XXX XXX . XXX . . . . . XXX . . . . .
67.432   . . . XXXXX . . . . . . . . XXX XXX . XXX . . . . . XXX . . . . .
63.492   . . . XXXXX . XXX . . . . . XXX XXX . XXX . . . . . XXX . . . . .
60.602   . . . XXXXX . XXX . . . . . XXX XXX . XXX . XXX . . XXX . . . . .
58.628   . . . XXXXX . XXX . . . . . XXX XXX . XXXXX XXX . . XXX . . . . .
57.989   . . . XXXXX . XXX . . . . . XXX XXX . XXXXX XXX . . XXX XXX . . .
54.164   . . . XXXXX . XXX . . XXX . XXX XXX . XXXXX XXX . . XXX XXX . . .
53.874   . . . XXXXX . XXX . . XXX . XXX XXX . XXXXX XXX XXX XXX XXX . . .
52.553   . . . XXXXX . XXX XXX XXX . XXX XXX . XXXXX XXX XXX XXX XXX . . .
49.777   . . . XXXXX . XXX XXX XXX . XXX XXX . XXXXX XXX XXX XXXXXXX . . .
48.801   . . . XXXXX . XXX XXX XXX . XXX XXX XXXXXXX XXX XXX XXXXXXX . . .
48.328   . . . XXXXX . XXX XXX XXXXX XXX XXX XXXXXXX XXX XXX XXXXXXX . . .
45.108   . . . XXXXX . XXX XXX XXXXX XXX XXXXXXXXXXX XXX XXX XXXXXXX . . .
44.072   . . . XXXXX . XXX XXX XXXXX XXX XXXXXXXXXXX XXX XXX XXXXXXX . XXX
43.515   . . . XXXXX . XXX XXXXXXXXX XXX XXXXXXXXXXX XXX XXX XXXXXXX . XXX
41.729   . . . XXXXXXX XXX XXXXXXXXX XXX XXXXXXXXXXX XXX XXX XXXXXXX . XXX
39.903   . . . XXXXXXX XXX XXXXXXXXX XXX XXXXXXXXXXXXXXX XXX XXXXXXX . XXX
38.798   . . . XXXXXXX XXX XXXXXXXXXXXXX XXXXXXXXXXXXXXX XXX XXXXXXX . XXX
32.582   . . . XXXXXXX XXX XXXXXXXXXXXXX XXXXXXXXXXXXXXX XXXXXXXXXXX . XXX
27.702   . . . XXXXXXX XXX XXXXXXXXXXXXXXXXXXXXXXXXXXXXX XXXXXXXXXXX . XXX
23.946   . . XXXXXXXXX XXX XXXXXXXXXXXXXXXXXXXXXXXXXXXXX XXXXXXXXXXX . XXX
21.908   . . XXXXXXXXX XXX XXXXXXXXXXXXXXXXXXXXXXXXXXXXX XXXXXXXXXXX XXXXX
13.759   . . XXXXXXXXX XXXXXXXXXXXXXXXXXXXXXXXXXXXXXXXXX XXXXXXXXXXX XXXXX
10.225   . . XXXXXXXXX XXXXXXXXXXXXXXXXXXXXXXXXXXXXXXXXX XXXXXXXXXXXXXXXXX
 8.902   . . XXXXXXXXXXXXXXXXXXXXXXXXXXXXXXXXXXXXXXXXXXX XXXXXXXXXXXXXXXXX
 5.126   XXX XXXXXXXXXXXXXXXXXXXXXXXXXXXXXXXXXXXXXXXXXXX XXXXXXXXXXXXXXXXX
 3.921   XXX XXXXXXXXXXXXXXXXXXXXXXXXXXXXXXXXXXXXXXXXXXXXXXXXXXXXXXXXXXXXX
 1.944   XXXXXXXXXXXXXXXXXXXXXXXXXXXXXXXXXXXXXXXXXXXXXXXXXXXXXXXXXXXXXXXXX


Partition-by-actor matrix saved as dataset RegePart3
Equivalence matrix saved as dataset Rege3.

----------------------------------------
Running time:  00:00:01
Output generated:  08 mar 21 14:14:08
UCINET 6.717 Copyright (c) 2002-19 Analytic Technologies

