REGULAR EQUIVALENCE VIA WHITE/REITZ REGE ALGORITHM
--------------------------------------------------------------------------------

Input dataset:                          A_loops_088 (C:\Users\Ema\Documents\UCINET\matrices\A_loops_088)


REGE similarities (3 iterations)

          1   2   3   4   5   6   7   8   9  10  11  12  13  14  15  16  17  18  19  20  21  22  23  24  25  26  27  28  29  30  31
        --- --- --- --- --- --- --- --- --- --- --- --- --- --- --- --- --- --- --- --- --- --- --- --- --- --- --- --- --- --- ---
    1   100  23  29  51  24  30  44   0   0   0   0   0   0   1   0   0   1   8   2  38   7   3   0   7   4   0   0   0   0   0   0
    2    23 100  56  27  57  48  25   0   1   0   1   0   1   3   1   1   6  16  13  55  26  25   2   8   6   0   1   0   0   0   0
    3    29  56 100  41  63  45  31   1   1   1   1   1   1   3   1   1   5  18  11  50  23  19   1   9   7   0   2   0   0   0   0
    4    51  27  41 100  30  37  35   0   0   0   0   0   0   1   0   0   1  10   4  42   9   3   2  15  11   0   0   0   0   0   0
    5    24  57  63  30 100  59  28   3   3   3   1   4   2   5   2   3   9  27  12  57  41  23   2   9   9   0   4   0   0   0   0
    6    30  48  45  37  59 100  39   5   2   6   1   5   2   4   2   5   6  27   7  62  32  16   6  20  19   1   6   0   0   1   0
    7    44  25  31  35  28  39 100   3   0   2   0   3   0   1   0   0   1   9   2  37   8   4   0   6   3   2   1   0   0   0   0
    8     0   0   1   0   3   5   3 100   2  62   1  88   1   0   0   1   1   4   0   1   3   2   0   1   1   7  11   0   0   0   0
    9     0   1   1   0   3   2   0   2 100   4  69   2  38  65  57  44  58  17  69   1  16  31   5   1   1   0  20  13   3   1   0
   10     0   0   1   0   3   6   2  62   4 100   2  70   3   1   1   3   2   6   1   2   7   4   2   2   2   3  23   0   0   0   0
   11     0   1   1   0   1   1   0   1  69   2 100   1  76  55  48  26  42  10  47   0   9  18   5   0   0   0  14  27   8   1   0
   12     0   0   1   0   4   5   3  88   2  70   1 100   1   0   0   2   1   4   1   1   4   2   0   1   1   6  13   0   0   0   0
   13     0   1   1   0   2   2   0   1  38   3  76   1 100  21  16   9  15  11  15   0  11  15   8   1   1   0  15  27   9   1   0
   14     1   3   3   1   5   4   1   0  65   1  55   0  21 100  75  38  62  16  68   2  16  29  11   3   3   0  17  16   2   2   0
   15     0   1   1   0   2   2   0   0  57   1  48   0  16  75 100  31  59  12  54   1  12  22   5   1   1   0  11  14   1   1   0
   16     0   1   1   0   3   5   0   1  44   3  26   2   9  38  31 100  38  22  46   1  24  41  10   2   2   0  34   5   0   2   0
   17     1   6   5   1   9   6   1   1  58   2  42   1  15  62  59  38 100  28  59   4  28  47   6   1   1   0  19   5   1   1   0
   18     8  16  18  10  27  27   9   4  17   6  10   4  11  16  12  22  28 100  23  17  73  59   9   7   6   0  23   1   0   1   0
   19     2  13  11   4  12   7   2   0  69   1  47   1  15  68  54  46  59  23 100   6  25  46   6   5   4   0  13   7   0   1   0
   20    38  55  50  42  57  62  37   1   1   2   0   1   0   2   1   1   4  17   6 100  24  12   4  20  16   0   1   0   0   1   0
   21     7  26  23   9  41  32   8   3  16   7   9   4  11  16  12  24  28  73  25  24 100  58  12   7   6   0  28   1   0   3   0
   22     3  25  19   3  23  16   4   2  31   4  18   2  15  29  22  41  47  59  46  12  58 100   9   5   4   0  33   2   0   2   0
   23     0   2   1   2   2   6   0   0   5   2   5   0   8  11   5  10   6   9   6   4  12   9 100   8  14   0  38   3   1  16   0
   24     7   8   9  15   9  20   6   1   1   2   0   1   1   3   1   2   1   7   5  20   7   5   8 100  72   0   1   0   0   4   0
   25     4   6   7  11   9  19   3   1   1   2   0   1   1   3   1   2   1   6   4  16   6   4  14  72 100   0   1   0   0   4   0
   26     0   0   0   0   0   1   2   7   0   3   0   6   0   0   0   0   0   0   0   0   0   0   0   0   0 100   0   0   0   0   0
   27     0   1   2   0   4   6   1  11  20  23  14  13  15  17  11  34  19  23  13   1  28  33  38   1   1   0 100   4   1   6   0
   28     0   0   0   0   0   0   0   0  13   0  27   0  27  16  14   5   5   1   7   0   1   2   3   0   0   0   4 100  34   1   7
   29     0   0   0   0   0   0   0   0   3   0   8   0   9   2   1   0   1   0   0   0   0   0   1   0   0   0   1  34 100   0  15
   30     0   0   0   0   0   1   0   0   1   0   1   0   1   2   1   2   1   1   1   1   3   2  16   4   4   0   6   1   0 100   0
   31     0   0   0   0   0   0   0   0   0   0   0   0   0   0   0   0   0   0   0   0   0   0   0   0   0   0   0   7  15   0 100


HIERARCHICAL CLUSTERING OF EQUIVALENCE MATRIX

         2               2 2 2 1   1 1 1 1 1 1 1   1 1 2 2 2 2 3 2 2 3
 Level   6 1 4 7 2 3 5 6 0 4 5 0 8 2 1 3 6 4 5 7 9 9 8 1 2 3 7 0 8 9 1
------   - - - - - - - - - - - - - - - - - - - - - - - - - - - - - - -
87.738   . . . . . . . . . . . . XXX . . . . . . . . . . . . . . . . .
75.777   . . . . . . . . . . . . XXX XXX . . . . . . . . . . . . . . .
75.466   . . . . . . . . . . . . XXX XXX . XXX . . . . . . . . . . . .
72.566   . . . . . . . . . . . . XXX XXX . XXX . . . XXX . . . . . . .
72.144   . . . . . . . . . XXX . XXX XXX . XXX . . . XXX . . . . . . .
68.684   . . . . . . . . . XXX . XXX XXX . XXX . XXX XXX . . . . . . .
67.456   . . . . . . . . . XXX XXXXX XXX . XXX . XXX XXX . . . . . . .
62.692   . . . . . XXX . . XXX XXXXX XXX . XXX . XXX XXX . . . . . . .
61.936   . . . . . XXX XXX XXX XXXXX XXX . XXX . XXX XXX . . . . . . .
60.129   . . . . . XXX XXX XXX XXXXX XXX . XXXXX XXX XXX . . . . . . .
59.049   . . . . . XXX XXX XXX XXXXX XXX . XXXXXXXXX XXX . . . . . . .
58.509   . . . . . XXX XXX XXX XXXXX XXX . XXXXXXXXX XXXXX . . . . . .
56.941   . . . . XXXXX XXX XXX XXXXX XXX . XXXXXXXXX XXXXX . . . . . .
53.848   . . . . XXXXXXXXX XXX XXXXX XXX . XXXXXXXXX XXXXX . . . . . .
51.445   . XXX . XXXXXXXXX XXX XXXXX XXX . XXXXXXXXX XXXXX . . . . . .
41.808   . XXX . XXXXXXXXX XXX XXXXX XXX XXXXXXXXXXX XXXXX . . . . . .
38.330   . XXX . XXXXXXXXX XXX XXXXX XXX XXXXXXXXXXX XXXXX XXX . . . .
38.077   . XXXXX XXXXXXXXX XXX XXXXX XXX XXXXXXXXXXX XXXXX XXX . . . .
34.641   . XXXXXXXXXXXXXXX XXX XXXXX XXX XXXXXXXXXXX XXXXX XXX . . . .
33.854   . XXXXXXXXXXXXXXX XXX XXXXX XXX XXXXXXXXXXX XXXXX XXX . XXX .
32.788   . XXXXXXXXXXXXXXX XXX XXXXX XXX XXXXXXXXXXXXXXXXX XXX . XXX .
19.834   . XXXXXXXXXXXXXXX XXX XXXXX XXX XXXXXXXXXXXXXXXXXXXXX . XXX .
15.428   . XXXXXXXXXXXXXXX XXX XXXXX XXXXXXXXXXXXXXXXXXXXXXXXX . XXX .
12.397   . XXXXXXXXXXXXXXX XXX XXXXX XXXXXXXXXXXXXXXXXXXXXXXXX . XXXXX
12.005   . XXXXXXXXXXXXXXXXXXX XXXXX XXXXXXXXXXXXXXXXXXXXXXXXX . XXXXX
 6.029   . XXXXXXXXXXXXXXXXXXX XXXXXXXXXXXXXXXXXXXXXXXXXXXXXXX . XXXXX
 4.477   . XXXXXXXXXXXXXXXXXXX XXXXXXXXXXXXXXXXXXXXXXXXXXXXXXXXX XXXXX
 3.172   . XXXXXXXXXXXXXXXXXXXXXXXXXXXXXXXXXXXXXXXXXXXXXXXXXXXXX XXXXX
 0.576   . XXXXXXXXXXXXXXXXXXXXXXXXXXXXXXXXXXXXXXXXXXXXXXXXXXXXXXXXXXX
 0.213   XXXXXXXXXXXXXXXXXXXXXXXXXXXXXXXXXXXXXXXXXXXXXXXXXXXXXXXXXXXXX


Partition-by-actor matrix saved as dataset RegePart3
Equivalence matrix saved as dataset Rege3.

----------------------------------------
Running time:  00:00:01
Output generated:  08 mar 21 14:16:52
UCINET 6.717 Copyright (c) 2002-19 Analytic Technologies

